951896
180958
694686
304287
651727
474377
165622
227432
138247
756891
80352
214384
756639
359260
98159
71
75613
806810
468637
505500
37248
787699
934187
343689
459037
703511
799398
630728
291796
857643
369962
278197
69214
628026
892867
93950
433526
814175
915183
269293
836984
45659
118127
567250
812287
822586
85534
423343
935533
709715
46876
797906
972999
579233
406433
599463
736847
666021
783773
117844
279531
172391
974205
223607
551676
904367
377358
744407
77915
891998
486189
348570
924864
621718
207522
24182
876347
886103
48762
655453
575662
273948
110472
789042
243746
110125
238071
267761
320820
9493
465445
988168
398988
652747
57193
976773
430936
789988
956334
176447
1877
102687
316535
391811
562701
336425
426743
318661
538697
630740
14689
527803
487245
745180
795774
580089
778783
207951
456938
454482
534224
955662
910937
946810
901381
739634
221278
162065
325000
73075
59501
815035
434027
599755
354370
13213
70713
768218
443306
58660
172888
635419
917339
232393
246419
415069
489902
80868
209948
422164
811321
812182
412823
943026
26859
59953
109135
493481
648994
654360
392014
726747
207254
485328
632535
434350
479547
243685
548734
131819
307616
992626
333107
414228
453556
560525
971319
994042
297818
584240
656436
759458
157054
16281
68828
768526
803012
937255
281710
641254
765155
779990
863162
869392
887402
943634
483759
871156
681301
758920
893235
276362
338215
578870
830793
179817
271330
304016
309487
399040
605397
932855
211346
425983
559340
807049
828811
48811
742975
922567
169286
214539
679215
764041
857856
503104
657160
196640
369030
581686
833672
506444
529060
219636
274734
293527
573851
58520
669234
405816
676065
864964
388689
398208
512785
666706
724111
144493
244043
50504
655411
668257
757234
217580
427993
974962
774274
120805
554489
581783
718848
740952
262505
494140
698278
757107
912807
200605
240291
34927
390530
534802
953884
489669
79608
177801
320138
560679
795856
144312
26340
267975
935869
167989
220862
287417
