951896 180958 694686 304287 946810
876347 886103 468637 857643 651727 369962 630728 703511 814175 278197
93950 45659 459037 46876 797906 891998 291796 69214 934187 118127
165622 227432 628026 892867 935533 709715 433526 915183 269293 822586
85534 138247 756891 474377 666021 783773 80352 117844 359260 98159
214384 71 75613 756639 806810 279531 39911 736847 406433 972999
343689 423343 567250 787699 812287 836984 172391 579233 599463 974205
223607 505500 77915 799398 37248 551676 904367 377358 207522 621718
924864 110472 273948 348570 48762 655453 663866 24182 243746 575662
789042 110125 238071 267761 320820 9493 976773 465445 988168 430936
789988 956334 176447 1877 316535 391811 562701 449104 220862 102687
453736 426743 976004 955662 336425 57193 579252 534224 318661 398988
538697 198725
630740 14689 527803 745180 652747 454482 943026 325000 434350 26859
162065 221278 59953 312764 443306 58660 815035 13213 354370 70713
994042 297818 759458 863162 779990 765155 971319 599755 172888 635419
493481 654360 392014 726747 415069 489902 812182 412823 434027 739634
479547 485328 333107 209948 16281 768526 803012 937255 281710 307616
232393 246419 414228 560525 584240 656436 778783 207951 903473 68828
887402 943634 871156 681301 338215 578870 830793 271330 304016 605397
742975 214539 169286 559340 828811 293527 676065 398208 512785 666706
144493 50504 494140 757107 240291 320138 560679 26340 217580 267975
774274 120805 669234 79608 912807 506444 657160 529060 581686 196640
922567 58520 758920 276362 764041 179817 211346 932855 483759 399040
144312 953884 534802 489669 503104 632535 573851 724111 739439 655411
668257 757234 427993 581783 718848 740952 262505 698278 200605 34927
390530 177801 795856 388689 864964 369030 833672 219636 893235 807049
425983 244043 422164 811321 679215 857856 992626 869392 917339 456938
935869 768218 80868 648994 207254 73075 486189 131819 580089 641254
425983 244043 422164 811321 679215 857856 992626 869392 917339 456938 935869 768218 80868 648994 207254 73075 486189 131819 580089 641254 109135 309487 453556 487245 190197 405816 739916 157054 910937 744407 795774 974962 613203 942671 243685
