456938
548734
876124
903473
307616
479547
207254
485328
943026
325000
434350
26859
59953
109135
162065
221278
489825
493481
73075
992626
648994
654360
392014
632535
726747
415069
422164
489902
811321
812182
131819
412823
55315
661416
915784
209948
333107
434027
443306
58660
739634
815035
13213
172888
354370
468437
59501
599755
635419
70713
768218
80868
917339
232393
246419
414228
453556
560525
971319
994042
297818
584240
656436
759458
157054
16281
68828
768526
803012
937255
281710
641254
765155
779990
863162
869392
887402
943634
483759
871156
681301
758920
893235
276362
338215
578870
830793
179817
271330
304016
309487
399040
605397
932855
935869
211346
425983
559340
807049
828811
350082
48811
742975
922567
169286
214539
679215
764041
857856
503104
657160
196640
369030
581686
833672
506444
529060
167989
219636
274734
293527
573851
58520
669234
405816
676065
864964
388689
398208
512785
666706
724111
739439
144493
244043
50504
655411
668257
757234
217580
427993
974962
774274
120805
554489
581783
718848
740952
262505
494140
698278
757107
912807
200605
240291
34927
390530
534802
953884
489669
659262
79608
177801
320138
560679
795856
144312
26340
267975
